spawns: 
  default: 
    world: world
    x: 9.76865661806101
    y: 96.0
    z: -72.24226861044876
    yaw: -180.90025
    pitch: 17.100035
