lastAccountName: MandarinkaPlayYT
timestamps:
  login: 1651061357167
  logout: 1651063269636
ipAddress: 192.168.0.117
lastlocation:
  world: world
  x: 44.70187538002892
  y: 66.62816997595024
  z: -64.43876793962202
  yaw: -32.100063
  pitch: 38.54996
logoutlocation:
  world: world
  x: 10.119451063439145
  y: 96.0
  z: -73.2949070132548
  yaw: -176.54997
  pitch: 0.0
