lastAccountName: vaniaprofik
timestamps:
  login: 1651495533068
  logout: 1651495872963
  lastteleport: 1651495796867
ipAddress: 26.51.225.64
lastlocation:
  world: world
  x: -436.5580401418246
  y: 77.78260085629502
  z: 211.58966730105803
  yaw: 33.60031
  pitch: 1.5000525
logoutlocation:
  world: world
  x: 12.74866633533875
  y: 84.00063554902955
  z: -135.154269308342
  yaw: 69.90001
  pitch: 90.0
